pluto_colors <- c("#662233", "#884466", "#AA8899", "#9944AA", "#554477", "#BBCCDD", 
"#66AABB", "#335555", "#448888", "#113322", "#AACCBB", "#88BB88", 
"#BBDD66", "#99AA33", "#666622", "#CCCCAA", "#332211", "#AA9988", 
"#AA6644", "#773322")